1 18
2 4867
3 9891
4 15012
5 21931
6 27228
7 31273
8 35226
9 38627
10 43235
11 49449
12 54463
13 59985
14 66191
15 72403
16 76873
17 80499
18 85757
19 91597
20 96631
21 101516
22 106152
23 111726
24 117266
25 122336
26 125117
27 131512
28 136858
29 143509
30 146755
31 152321
32 155479
33 160834
34 166920
35 172525
36 179613
37 182670
38 187692
39 193794
40 198217
41 203712
42 208352
43 213358
44 218775
45 225756
46 232224
47 235193
48 239204
49 244312
50 249704
51 254054
52 258778
53 262716
54 268555
55 273620
56 277457
57 286719
58 291617
59 295319
60 298583
61 304095
62 310763
63 316250
64 321606
65 325712
66 331307
67 336022
68 340797
69 346955
70 351127
71 356785
72 361009
73 365843
74 369825
75 374156
76 378599
77 384546
78 391735
79 397830
80 401937
81 405749
82 410758
83 411873
84 413082
85 418299
86 421851
87 424218
88 428903
89 433326
90 439457
91 443739
92 450194
93 455398
94 461078
95 466801
96 473341
97 478925
98 484290
99 489266
100 494525
101 499737
102 506525
103 512194
104 516751
105 522270
106 525433
107 531554
108 538104
109 544456
110 550370
111 554886
112 560621
113 567263
114 571344
115 577731
116 581312
117 587314
118 592827
119 599670
120 605626
121 610833
122 617147
123 620596
124 627208
125 633115
126 637815
127 641601
128 646417
129 650604
130 656808
131 662114
132 667918
133 672177
134 678615
135 686116
136 689833
137 695573
138 702255
139 708477
140 715607
141 720388
142 727918
143 731967
144 739968
145 746107
146 750463
147 756308
148 762897
149 769830
150 775166
151 780771
152 788398
153 791434
154 797901
155 802409
156 807127
157 815163
158 821045
159 823001
160 827081
161 832019
162 837812
163 844137
164 848817
165 853404
166 859742
167 865818
168 868384
169 872545
170 876824
171 883572
172 889216
173 894457
174 897969
175 902707
176 907576
177 912441
178 917402
179 927495
180 933712
181 938946
182 943846
183 946489
184 950937
185 956886
186 961370
187 965999
188 969227
189 972925
190 977656
191 983863
192 989300
193 994203
194 999424
195 1004774
196 1010874
197 1016287
198 1021196
199 1024862
200 1029531
201 1035971
202 1041818
203 1048097
204 1053339
205 1058828
206 1064200
207 1068176
208 1073638
209 1079605
210 1086545
211 1093125
212 1098684
213 1102780
214 1108797
215 1114595
216 1118833
217 1124704
218 1130846
219 1136155
220 1141602
221 1146138
222 1151861
223 1157721
224 1164150
225 1170010
226 1174160
227 1179346
228 1183164
229 1188757
230 1194911
231 1200766
232 1207681
233 1211461
234 1216679
235 1221823
236 1226659
237 1232725
238 1239074
239 1243520
240 1248341
241 1254307
242 1260228
243 1265048
244 1269889
245 1275823
246 1282569
247 1287617
248 1293215
249 1299490
250 1303285
251 1306222
252 1310689
253 1315929
254 1321423
255 1326288
256 1331572
257 1337627
258 1343018
259 1349043
260 1353612
261 1359315
262 1365004
263 1369974
264 1373850
265 1379554
266 1385618
267 1390048
268 1394577
269 1399652
270 1404613
271 1409549
272 1413818
273 1421212
274 1426170
275 1430249
276 1436997
277 1443237
278 1447219
279 1451740
280 1455265
281 1459787
282 1466074
283 1471762
284 1474805
285 1482383
286 1486539
287 1491493
288 1496986
289 1502306
290 1507893
291 1512799
292 1517057
293 1521810
294 1527535
295 1531903
296 1536028
297 1541866
298 1548027
299 1552624
300 1558650
301 1563752
302 1567725
303 1571038
304 1575221
305 1580363
306 1586962
307 1593269
308 1598518
309 1602866
310 1610226
311 1616631
312 1622709
313 1630156
314 1637544
315 1643796
316 1648702
317 1653734
318 1658119
319 1663865
320 1669491
321 1674607
322 1680289
323 1686118
324 1692408
325 1698132
326 1705629
327 1710174
328 1715355
329 1722174
330 1727496
331 1732278
332 1736957
333 1741671
334 1747130
335 1754202
336 1759135
337 1766089
338 1771713
339 1778976
340 1784189
341 1788863
342 1795237
343 1799350
344 1805026
345 1809921
346 1814101
347 1818677
348 1824397
349 1830276
350 1837187
351 1843602
352 1848515
353 1853232
354 1860632
355 1865020
356 1871941
357 1877347
358 1882687
359 1889289
360 1895184
361 1900428
362 1907275
363 1914069
364 1920886
365 1927147
366 1933171
367 1938760
368 1946401
369 1952927
370 1958513
371 1964808
372 1969314
373 1976743
374 1981638
375 1986637
376 1991728
377 1995965
378 2001242
379 2009022
380 2014095
381 2019865
382 2024152
383 2029356
384 2036199
385 2040979
386 2045555
387 2049802
388 2054760
389 2059889
390 2066545
391 2071770
392 2078646
393 2084207
394 2089773
395 2093795
396 2098085
397 2103985
398 2108741
399 2114735
400 2120264
401 2126400
402 2131947
403 2137358
404 2141846
405 2147274
406 2152519
407 2155543
408 2162296
409 2167171
410 2171372
411 2174926
412 2180179
413 2187672
414 2194692
415 2201316
416 2206986
417 2212957
418 2218600
419 2223753
420 2230081
421 2237192
422 2241406
423 2245464
424 2249697
425 2254836
426 2259994
427 2266721
428 2271933
429 2276602
430 2280851
431 2286759
432 2291036
433 2295974
434 2301832
435 2306304
436 2310922
437 2317670
438 2322414
439 2330614
440 2337379
441 2344724
442 2349805
443 2356172
444 2361773
445 2368776
446 2373774
447 2379340
448 2384820
449 2391258
450 2397937
451 2404466
452 2410510
453 2415923
454 2422011
455 2426875
456 2433402
457 2440175
458 2446473
459 2453818
460 2458856
461 2464456
462 2467994
463 2473006
464 2478696
465 2486565
466 2494432
467 2500516
468 2505962
469 2511446
470 2518269
471 2523046
472 2528179
473 2533183
474 2537857
475 2543074
476 2547677
477 2553927
478 2558777
479 2565542
480 2570266
481 2575427
482 2581346
483 2587232
484 2592697
485 2598800
486 2604930
487 2610454
488 2616021
489 2621774
490 2626267
491 2630814
492 2636084
493 2642391
494 2647795
495 2654080
496 2659034
497 2662815
498 2667564
499 2672059
500 2677927
501 2682791
502 2687158
503 2690495
504 2695547
505 2700797
506 2705064
507 2708871
508 2712923
509 2717595
510 2721262
511 2726384
512 2731595
513 2738511
514 2744585
515 2749960
516 2755129
517 2761313
518 2766691
519 2773002
520 2778253
521 2783982
522 2789718
523 2796104
524 2801209
525 2808767
526 2813538
527 2818444
528 2823792
529 2830133
530 2836113
531 2840098
532 2846421
533 2852660
534 2859334
535 2864729
536 2869884
537 2875347
538 2882940
539 2889709
540 2895800
541 2901489
542 2907767
543 2913504
544 2919916
545 2925347
546 2931870
547 2937163
548 2943061
549 2948607
550 2952486
551 2956530
552 2960607
553 2966320
554 2970158
555 2976298
556 2982074
557 2988488
558 2994851
559 3000303
560 3006299
561 3012202
562 3019582
563 3026298
564 3029751
565 3035093
566 3040956
567 3046902
568 3052321
569 3058358
570 3063543
571 3067360
572 3072666
573 3080710
574 3086723
575 3091541
576 3096030
577 3102819
578 3109559
579 3114246
580 3120169
581 3125897
582 3131072
583 3136503
584 3142629
585 3146465
586 3151853
587 3158910
588 3162217
589 3168719
590 3173632
591 3177968
592 3182407
593 3187580
594 3192607
595 3197512
596 3202145
597 3206967
598 3212522
599 3218681
600 3223400
601 3227507
602 3233243
603 3236332
604 3240798
605 3247743
606 3252383
607 3258417
608 3263390
609 3266971
610 3272291
611 3277278
612 3282567
613 3289524
614 3294351
615 3300449
616 3306059
617 3310916
618 3316140
619 3321065
620 3325324
621 3330210
622 3336558
623 3342530
624 3347786
625 3354952
626 3360720
627 3366040
628 3372065
629 3377186
630 3383069
631 3388824
632 3393287
633 3398592
634 3404878
635 3409710
636 3414878
637 3419538
638 3425385
639 3430145
640 3436389
641 3441172
642 3447138
643 3453089
644 3460002
645 3465212
646 3470983
647 3476854
648 3482174
649 3488793
650 3496885
651 3503732
652 3510628
653 3514951
654 3520096
655 3527434
656 3532503
657 3537422
658 3541580
659 3548386
660 3554585
661 3559355
662 3565319
663 3570794
664 3576012
665 3583531
666 3589314
667 3593761
668 3599151
669 3604244
670 3609248
671 3613929
672 3619120
673 3624726
674 3630167
675 3636947
676 3642311
677 3647504
678 3652503
679 3659975
680 3666248
681 3672487
682 3678090
683 3685114
684 3690753
685 3696339
686 3701140
687 3706687
688 3709704
689 3712723
690 3715674
691 3718195
692 3721878
693 3723894
694 3727218
695 3730192
696 3732769
697 3735861
698 3740105
699 3744927
700 3751142
701 3757219
702 3761606
703 3767562
704 3773906
705 3779103
706 3784918
707 3791018
708 3796336
709 3802501
710 3808541
711 3814111
712 3819997
713 3825306
714 3832687
715 3839628
716 3845625
717 3850525
718 3857188
719 3862071
720 3867037
721 3872259
722 3877719
723 3883980
724 3888644
725 3893508
726 3899333
727 3902696
728 3908642
729 3914458
730 3920050
731 3925023
732 3930823
733 3936085
734 3941869
735 3946116
736 3951190
737 3957553
738 3964463
739 3971748
740 3976587
741 3981672
742 3986870
743 3992179
744 4000116
745 4005911
746 4011791
747 4019479
748 4025804
749 4032250
750 4037185
751 4043675
752 4050574
753 4057236
754 4065040
755 4068908
756 4074265
757 4080953
758 4086941
759 4091929
760 4097865
761 4104320
762 4109701
763 4115293
764 4121297
765 4126826
766 4132969
767 4139652
768 4144055
769 4148896
770 4154062
771 4160617
772 4166731
773 4171800
774 4176368
775 4181491
776 4186509
777 4192280
778 4197414
779 4203462
780 4208913
781 4214257
782 4218486
783 4222965
784 4227559
785 4233678
786 4238576
787 4244280
788 4249914
789 4253042
790 4259945
791 4265725
792 4272043
793 4276569
794 4282615
795 4288192
796 4293463
797 4301300
798 4306703
799 4313053
800 4318768
801 4324717
802 4329968
803 4334608
804 4342172
805 4347415
806 4353654
807 4359646
808 4365241
809 4371280
810 4378278
811 4382829
812 4387025
813 4392514
814 4398284
815 4402471
816 4410062
817 4416369
818 4421385
819 4427770
820 4431840
821 4439511
822 4445088
823 4450179
824 4454327
825 4459243
826 4465273
827 4470738
828 4475650
829 4480407
830 4485921
831 4491983
832 4496175
833 4501665
834 4506993
835 4511466
836 4516422
837 4523076
838 4528555
839 4534314
840 4540902
841 4546382
842 4552295
843 4558011
844 4563238
845 4567565
846 4573242
847 4578112
848 4582679
849 4587419
850 4592363
851 4598087
852 4603115
853 4608160
854 4614680
855 4619385
856 4623185
857 4628313
858 4633806
859 4639126
860 4645183
861 4649052
862 4654208
863 4659009
864 4664151
865 4669133
866 4675047
867 4680807
868 4686852
869 4692566
870 4697935
871 4703939
872 4707943
873 4714683
874 4719583
875 4724242
876 4730831
877 4736559
878 4742182
879 4746979
880 4752466
881 4759601
882 4765809
883 4772509
884 4778375
885 4784542
886 4790284
887 4795655
888 4800196
889 4807597
890 4814150
891 4820149
892 4825241
893 4831789
894 4838048
895 4846429
896 4852713
897 4857585
898 4864288
899 4870938
900 4876705
901 4883261
902 4887903
903 4892168
904 4897706
905 4902611
906 4908259
907 4914421
908 4920595
909 4926897
910 4932225
911 4936991
912 4941114
913 4947110
914 4952918
915 4958101
916 4963381
917 4968693
918 4974753
919 4981080
920 4988730
921 4995011
922 5002014
923 5006052
924 5011465
925 5018137
926 5024629
927 5031264
928 5037221
929 5042213
930 5048477
931 5055303
932 5060193
933 5065933
934 5071858
935 5077587
936 5082557
937 5087915
938 5093763
939 5099231
940 5105114
941 5110884
942 5116105
943 5121775
944 5127176
945 5133169
946 5138065
947 5144363
948 5150408
949 5156444
950 5162452
951 5167977
952 5173343
953 5177598
954 5183278
955 5185811
956 5191934
957 5199832
958 5206827
959 5212327
960 5217803
961 5223337
962 5229855
963 5235946
964 5241968
965 5247684
966 5253670
967 5259252
968 5265067
969 5270779
970 5276283
971 5281825
972 5286041
973 5291265
974 5295690
975 5300809
976 5305784
977 5309767
978 5314748
979 5319506
980 5324737
981 5330146
982 5336217
983 5340959
984 5345190
985 5349588
986 5354995
987 5359829
988 5365389
989 5370940
990 5376574
991 5380023
992 5386008
993 5391939
994 5396788
995 5402446
996 5409771
997 5414310
998 5419047
999 5424947
1000 5430543
1001 5436535
1002 5442139
1003 5447383
1004 5452640
1005 5457961
1006 5464759
1007 5470609
1008 5476718
1009 5483458
1010 5490710
1011 5496242
1012 5503173
1013 5509212
1014 5515021
1015 5520236
1016 5526387
1017 5532298
1018 5537460
1019 5543139
1020 5548966
1021 5555261
1022 5561882
1023 5568702
1024 5574339
1025 5579299
1026 5585443
1027 5591933
1028 5598323
1029 5603113
1030 5607913
1031 5613801
1032 5620686
1033 5626877
1034 5630756
1035 5637964
1036 5642223
1037 5649149
1038 5654675
1039 5659782
1040 5665894
1041 5671056
1042 5675559
1043 5680695
1044 5687623
1045 5692889
1046 5699033
1047 5704018
1048 5710160
1049 5714570
1050 5720461
1051 5726002
1052 5734034
1053 5739797
1054 5748533
1055 5755695
1056 5764186
1057 5772045
1058 5778779
1059 5783699
1060 5789961
1061 5796369
1062 5802803
1063 5809484
1064 5816622
1065 5822414
1066 5828149
1067 5834410
1068 5841535
1069 5848461
1070 5854587
1071 5862018
1072 5866749
1073 5873527
1074 5879917
1075 5885840
1076 5892365
1077 5899084
1078 5904359
1079 5911382
1080 5916819
1081 5921300
1082 5929996
1083 5936992
1084 5942975
1085 5949299
1086 5956469
1087 5962629
1088 5967806
1089 5972038
1090 5972074
1091 5981972
1092 5988404
1093 5995599
1094 6001438
1095 6008044
1096 6012866
1097 6021993
1098 6026938
1099 6033715
1100 6041520
1101 6050048
1102 6057544
1103 6063437
1104 6070264
1105 6070288
1106 6075606
1107 6082452
1108 6089144
1109 6096107
1110 6101659
1111 6108024
1112 6114221
1113 6122718
1114 6129664
1115 6135336
1116 6142008
1117 6149723
1118 6156439
1119 6164043
1120 6170504
1121 6170541
1122 6175729
1123 6180743
1124 6185839
1125 6191519
1126 6197586
1127 6202394
1128 6208530
1129 6214463
1130 6220809
1131 6227228
1132 6233436
1133 6239959
1134 6246067
1135 6251834
1136 6257414
1137 6262347
1138 6266877
1139 6270879
1140 6270913
1141 6276984
1142 6282841
1143 6288004
1144 6293450
1145 6299377
1146 6303507
1147 6310633
1148 6317779
1149 6323860
1150 6329919
1151 6334215
1152 6340172
1153 6347517
1154 6355404
1155 6361335
1156 6368425
1157 6376915
1158 6382942
1159 6388303
1160 6393764
1161 6399309
1162 6405247
1163 6411152
1164 6415848
1165 6422803
1166 6429382
1167 6434709
1168 6442293
1169 6448062
1170 6452168
1171 6460216
1172 6468648
1173 6475401
1174 6481315
1175 6488080
1176 6494349
1177 6501861
1178 6508270
1179 6511716
1180 6511740
1181 6517167
1182 6520944
1183 6526604
1184 6526666
1185 6532810
1186 6539656
1187 6546567
1188 6553168
1189 6553218
1190 6559419
1191 6565842
1192 6571241
1193 6576428
1194 6583187
1195 6591148
1196 6596805
1197 6601715
1198 6607751
1199 6613452
1200 6613488
1201 6621389
1202 6627344
1203 6634021
1204 6639781
1205 6646455
1206 6653687
1207 6659953
1208 6664689
1209 6669301
1210 6678053
1211 6684389
1212 6691323
1213 6697039
1214 6702653
1215 6709188
1216 6714866
1217 6721799
1218 6721847
1219 6729182
1220 6735595
1221 6741076
1222 6748607
1223 6752317
1224 6757377
1225 6763212
1226 6768245
1227 6772109
1228 6776215
1229 6781156
1230 6787605
1231 6793330
1232 6800322
1233 6806788
1234 6814752
1235 6820340
1236 6829417
1237 6836792
1238 6844266
1239 6851369
1240 6856639
1241 6862417
1242 6868522
1243 6874415
1244 6880041
1245 6886308
1246 6892453
1247 6898528
1248 6904777
1249 6910000
1250 6917507
1251 6924183
1252 6929686
1253 6936673
1254 6942915
1255 6947666
1256 6952730
1257 6958083
1258 6963596
1259 6969385
1260 6973554
1261 6979798
1262 6985291
1263 6991539
1264 6998692
1265 7004261
1266 7010662
1267 7017348
1268 7023313
1269 7028264
1270 7032445
1271 7039746
1272 7046039
1273 7052785
1274 7057758
1275 7064277
1276 7070176
1277 7076018
1278 7081685
1279 7087444
1280 7094960
1281 7100744
1282 7105497
1283 7112299
1284 7118714
1285 7125585
1286 7132200
1287 7138790
1288 7145846
1289 7152976
1290 7158907
1291 7165845
1292 7172962
1293 7178563
1294 7185179
1295 7190633
1296 7196688
1297 7202237
1298 7208957
1299 7215413
1300 7221546
1301 7227725
1302 7235104
1303 7240640
1304 7246332
1305 7252144
1306 7257976
1307 7264318
1308 7270157
1309 7274991
1310 7281137
1311 7287853
1312 7292830
1313 7298802
1314 7304176
1315 7312431
1316 7319669
1317 7327381
1318 7333313
1319 7339153
1320 7345572
1321 7352015
1322 7357671
1323 7364150
1324 7370944
1325 7377874
1326 7383929
1327 7389995
1328 7397377
1329 7403933
1330 7411573
1331 7419047
1332 7424604
1333 7430526
1334 7435600
1335 7442257
1336 7449502
1337 7456865
1338 7462472
1339 7468377
1340 7474523
1341 7482666
1342 7488991
1343 7495340
1344 7502871
1345 7508722
1346 7515375
1347 7523853
1348 7530438
1349 7537591
1350 7544175
1351 7550480
1352 7556457
1353 7563440
1354 7570361
1355 7576006
1356 7582189
1357 7587807
1358 7591846
1359 7598856
1360 7603628
1361 7609974
1362 7614542
1363 7619896
1364 7627275
1365 7633583
1366 7637763
1367 7644935
1368 7650865
1369 7656288
1370 7662819
1371 7669169
1372 7675155
1373 7680113
1374 7688501
1375 7696255
1376 7703949
1377 7711963
1378 7718305
1379 7723043
1380 7728883
1381 7736270
1382 7742399
1383 7747930
1384 7754703
1385 7760535
1386 7767784
1387 7775050
1388 7782163
1389 7788170
1390 7795570
1391 7800617
1392 7806896
1393 7814315
1394 7820155
1395 7825927
1396 7830262
1397 7836393
1398 7842847
1399 7850149
1400 7855421
1401 7859866
1402 7865131
1403 7871072
1404 7876066
1405 7881206
1406 7887199
1407 7894506
1408 7898420
1409 7903908
1410 7910051
1411 7916384
1412 7923430
1413 7928656
1414 7935000
1415 7941309
1416 7949338
1417 7953857
1418 7960007
1419 7966230
1420 7972421
1421 7980073
1422 7986783
1423 7994141
1424 8000213
1425 8006337
1426 8012440
1427 8018613
1428 8024617
1429 8032818
1430 8038866
1431 8045525
1432 8052588
1433 8058568
1434 8066577
1435 8071997
1436 8080463
1437 8086693
1438 8093611
1439 8101606
1440 8109014
1441 8115114
1442 8119449
1443 8124536
1444 8130394
1445 8137476
1446 8144324
1447 8148025
1448 8153875
1449 8160005
1450 8165124
1451 8170618
1452 8177946
1453 8186592
1454 8191133
1455 8198938
1456 8204557
1457 8210482
1458 8217575
1459 8224234
1460 8230560
1461 8236445
1462 8244941
1463 8251703
1464 8257361
1465 8262200
1466 8268892
1467 8275514
1468 8281628
1469 8289656
1470 8296312
1471 8302712
1472 8311235
1473 8317769
1474 8324974
1475 8332358
1476 8339100
1477 8345274
1478 8351932
1479 8360731
1480 8366570
1481 8373807
1482 8381814
1483 8389497
1484 8396704
1485 8404746
1486 8411314
1487 8416927
1488 8423776
1489 8429997
1490 8436460
1491 8444050
1492 8450009
1493 8456925
1494 8464887
1495 8470435
1496 8477801
1497 8484735
1498 8491835
1499 8497844
1500 8505247
