1 17
2 934
3 1430
4 2573
5 3383
6 4597
7 4853
8 5461
9 5780
10 6320
11 6652
12 7326
13 9594
14 11221
15 11514
16 12497
17 15085
18 15606
19 16145
20 17123
21 18018
22 18560
23 18779
24 21607
25 23909
26 24272
27 25201
28 25859
29 26554
30 27079
31 27897
32 28630
33 31349
34 31886
35 32353
36 33815
37 34700
38 35163
39 36460
40 37423
41 38271
42 38920
43 39814
44 40652
45 40875
46 42995
47 43628
48 44305
49 45214
50 45620
51 47081
52 48576
53 49288
54 49555
55 52530
56 52930
57 53446
58 54089
59 55986
60 58102
61 59260
62 60109
63 60860
64 61269
65 61603
66 61829
67 62982
68 63505
69 64086
70 66324
71 67209
72 67751
73 68133
74 68910
75 69265
76 69953
77 71107
78 71793
79 73176
80 73584
81 74893
82 75618
83 76697
84 77510
85 78417
86 79324
87 81404
88 81917
89 82586
90 83217
91 85169
92 85426
93 86057
94 87546
95 88226
96 89145
97 89501
98 90173
99 90856
100 91377
101 93902
102 94541
103 94833
104 95319
105 96296
106 97307
107 98520
108 99099
109 99376
110 100017
111 100483
112 101070
113 101408
114 102812
115 103938
116 104959
117 105522
118 106423
119 107429
120 107928
121 109004
122 110417
123 111234
124 111904
125 112944
126 113564
127 115347
128 115823
129 116638
130 118930
131 119698
132 120433
133 121719
134 122811
135 123903
136 124661
137 125339
138 127289
139 128640
140 130137
141 130757
142 132799
143 133826
144 134479
145 135606
146 136668
147 137327
148 137762
149 139155
150 139611
151 140092
152 142141
153 143087
154 143469
155 143805
156 144096
157 145100
158 146689
159 147471
160 148125
161 149542
162 150891
163 151848
164 153444
165 153824
166 154419
167 155335
168 156036
169 156884
170 157420
171 158657
172 160352
173 161185
174 162077
175 162724
176 165475
177 165888
178 166267
179 166579
180 167166
181 168080
182 169270
183 170778
184 173807
185 174486
186 175861
187 176967
188 178834
189 179200
190 179457
191 182795
192 183197
193 184576
194 185369
195 188004
196 189971
197 190676
198 192271
199 193857
200 194378
201 195215
202 198371
203 199720
204 201178
205 203689
206 204103
207 205342
208 207153
209 207648
210 208019
211 209066
212 209461
213 211664
214 212042
215 212597
216 212816
217 213079
218 213417
219 213664
220 214163
221 216249
222 216549
223 218278
224 218710
225 219167
226 220368
227 221184
228 222010
229 222721
230 223232
231 225349
232 227049
233 231007
234 232858
235 233321
236 233842
237 234417
238 235232
239 235613
240 236551
241 238690
242 239244
243 240876
244 241506
245 241796
246 243534
247 244513
248 244939
249 246155
250 246665
251 247045
252 248234
253 250550
254 252093
255 252519
256 253052
257 254795
258 255544
259 256539
260 256884
261 257639
262 259215
263 261275
264 262148
265 265100
266 265500
267 265748
268 266710
269 267525
270 269255
271 270830
272 271177
273 272949
274 275865
275 277188
276 278144
277 279185
278 279987
279 280458
280 280956
281 281580
282 283975
283 284594
284 285367
285 286601
286 287365
287 288122
288 288666
289 289930
290 290516
291 291072
292 292253
293 295028
294 296053
295 297345
296 300547
297 301198
298 301624
299 302634
300 303026
301 303404
302 304307
303 306797
304 307156
305 308068
306 308657
307 309284
308 309642
309 310442
310 311327
311 312061
312 314336
313 314765
314 315727
315 316797
316 318423
317 320318
318 321361
319 321992
320 322484
321 323694
322 325523
323 325749
324 326118
325 327059
326 329709
327 330294
328 331100
329 332038
330 332366
331 333656
332 336301
333 338128
334 338793
335 340722
336 341159
337 343689
338 344692
339 345364
340 345959
341 346672
342 347663
343 348808
344 351112
345 352297
346 353175
347 354496
348 355576
349 356052
350 356312
351 356660
352 357616
353 358631
354 360872
355 361665
356 362623
357 363598
358 364305
359 364599
360 365535
361 366640
362 366933
363 367703
364 369824
365 370887
366 372573
367 373147
368 373826
369 374277
370 375277
371 376069
372 376866
373 377442
374 378478
375 379464
376 380098
377 380765
378 382125
379 383362
380 384253
381 384832
382 385115
383 385996
384 387186
385 388091
386 388659
387 389463
388 389801
389 392022
390 394042
391 396255
392 396941
393 397743
394 399239
395 399631
396 401336
397 402348
398 403581
399 405031
400 406439
401 407252
402 409869
403 410931
404 411200
405 412257
406 413249
407 414794
408 416649
409 417546
410 419013
411 419364
412 420835
413 423604
414 424400
415 425009
416 426073
417 426684
418 428121
419 429245
420 429604
421 429964
422 430432
423 432490
424 432843
425 434168
426 434571
427 435147
428 436327
429 436998
430 438017
431 439037
432 440303
433 441334
434 441631
435 443122
436 443929
437 446664
438 447156
439 447536
440 448330
441 448841
442 449311
443 450204
444 452152
445 454100
446 454590
447 457110
448 457395
449 457624
450 459421
451 460159
452 461499
453 461785
454 463301
455 463932
456 465388
457 465669
458 467815
459 469892
460 470210
461 470516
462 470886
463 473783
464 474417
465 474844
466 476046
467 477244
468 478189
469 479328
470 480711
471 481973
472 483469
473 484213
474 484862
475 485736
476 486784
477 487067
478 487682
479 488413
480 489331
481 493282
482 495981
483 498407
484 498811
485 499279
486 501101
487 502414
488 503968
489 505542
490 505881
491 506952
492 507223
493 508998
494 510569
495 511553
496 513607
497 513963
498 515290
499 516014
500 516417
501 518100
502 519716
503 520272
504 521406
505 521807
506 523886
507 524600
508 525850
509 527204
510 528234
511 529089
512 529713
513 531067
514 531887
515 532226
516 532619
517 534896
518 535576
519 536518
520 537507
521 538455
522 539060
523 540488
524 540737
525 541316
526 541599
527 542997
528 543609
529 545019
530 546607
531 547874
532 549196
533 551036
534 552032
535 553357
536 554794
537 555086
538 555477
539 556369
540 557776
541 559182
542 559699
543 562442
544 562994
545 563758
546 565167
547 566048
548 566409
549 567545
550 568606
551 569447
552 569808
553 570416
554 573407
555 575102
556 576385
557 578624
558 581385
559 582077
560 583042
561 584806
562 587195
563 588134
564 589146
565 590045
566 590849
567 593384
568 593925
569 594566
570 596900
571 597223
572 598779
573 599746
574 600676
575 601100
576 602652
577 603052
578 604460
579 605361
580 605808
581 608142
582 609385
583 610216
584 610899
585 611676
586 612857
587 614096
588 614530
589 615020
590 615444
591 616718
592 617997
593 618714
594 620682
595 621323
596 623869
597 624520
598 626084
599 627735
600 628297
601 629583
602 631491
603 632200
604 632730
605 633561
606 634083
607 635838
608 636608
609 637573
610 637843
611 638991
612 639844
613 641158
614 641754
615 642667
616 643742
617 644274
618 644808
619 647464
620 649326
621 652079
622 652793
623 653804
624 654743
625 655398
626 656628
627 658104
628 658757
629 659331
630 661482
631 662930
632 664265
633 665623
634 666100
635 667314
636 668226
637 668692
638 669754
639 671379
640 672509
641 673677
642 674416
643 676199
644 676788
645 677759
646 679246
647 679874
648 680719
649 681325
650 681824
651 682378
652 683970
653 684504
654 685733
655 686026
656 687788
657 688906
658 689564
659 690148
660 690547
661 691464
662 692206
663 694463
664 694968
665 695414
666 698064
667 699290
668 700919
669 702059
670 703161
671 705447
672 706967
673 707640
674 709925
675 712047
676 712888
677 713905
678 714319
679 714751
680 718428
681 718924
682 719759
683 720399
684 722183
685 722985
686 725406
687 727520
688 729059
689 730463
690 730834
691 731545
692 732098
693 732535
694 733068
695 733744
696 734412
697 736935
698 737910
699 739167
700 741834
701 743468
702 743738
703 744040
704 744715
705 745323
706 746324
707 747557
708 748372
709 748736
710 749615
711 751639
712 752306
713 752600
714 752883
715 753940
716 754202
717 754743
718 755983
719 756287
720 757049
721 758099
722 760194
723 762176
724 763146
725 765302
726 766229
727 766597
728 767375
729 767627
730 768195
731 768443
732 768856
733 769204
734 770728
735 771292
736 772528
737 773483
738 773842
739 775311
740 776941
741 778999
742 779907
743 780621
744 781056
745 783247
746 784040
747 784626
748 786063
749 787061
750 788389
751 789322
752 790158
753 791103
754 791823
755 792586
756 794046
757 795887
758 797267
759 798258
760 800065
761 800327
762 800994
763 801957
764 802547
765 803364
766 804050
767 804966
768 806630
769 808054
770 809850
771 810155
772 811414
773 812019
774 812317
775 812812
776 814514
777 815288
778 816118
779 817843
780 818972
781 819874
782 820964
783 822333
784 823014
785 825174
786 826177
787 826472
788 827285
789 828078
790 828933
791 829328
792 831065
793 832899
794 833358
795 834246
796 834550
797 835004
798 835267
799 835640
800 836000
801 837090
802 838412
803 838736
804 840753
805 843192
806 845665
807 847462
808 847778
809 848151
810 848980
811 852698
812 853568
813 856083
814 856888
815 858625
816 858961
817 859448
818 860291
819 860747
820 861148
821 861762
822 862635
823 863911
824 864691
825 865350
826 867403
827 867716
828 868508
829 869595
830 870326
831 870679
832 871244
833 872705
834 873251
835 873556
836 876668
837 877299
838 879734
839 881441
840 882137
841 882473
842 883257
843 884986
844 885357
845 885873
846 887547
847 888149
848 890496
849 891903
850 892879
851 894439
852 894839
853 895216
854 896138
855 897120
856 898957
857 900340
858 900686
859 902369
860 903124
861 903708
862 905678
863 907233
864 907645
865 908504
866 909224
867 909810
868 910407
869 912574
870 914124
871 914594
872 915650
873 916345
874 916791
875 917342
876 920571
877 922094
878 922853
879 924080
880 925676
881 928020
882 930262
883 930524
884 931307
885 932732
886 933309
887 933752
888 934211
889 934722
890 935069
891 939341
892 939812
893 942056
894 943412
895 944399
896 944917
897 948145
898 950698
899 951212
900 952061
901 953818
902 954883
903 956539
904 957247
905 958607
906 959135
907 959489
908 959963
909 962579
910 963772
911 964975
912 966034
913 966865
914 968424
915 969986
916 970349
917 971918
918 973398
919 974423
920 975439
921 975882
922 976296
923 977372
924 977826
925 979095
926 979842
927 982361
928 983713
929 984257
930 984647
931 988703
932 990307
933 991032
934 992753
935 993696
936 994402
937 995544
938 997595
939 998578
940 1000296
941 1002051
942 1002673
943 1004001
944 1004790
945 1005617
946 1006096
947 1007905
948 1008133
949 1008360
950 1008729
951 1009950
952 1010598
953 1011137
954 1011408
955 1011878
956 1012769
957 1013807
958 1015778
959 1016805
960 1018630
961 1019781
962 1020788
963 1021797
964 1022935
965 1023831
966 1024616
967 1026035
968 1026428
969 1027375
970 1029037
971 1032000
972 1033764
973 1034720
974 1036876
975 1038497
976 1039861
977 1040359
978 1041590
979 1042601
980 1044615
981 1047527
982 1048786
983 1049162
984 1049690
985 1052738
986 1054785
987 1055592
988 1056160
989 1058603
990 1059624
991 1060482
992 1064010
993 1064796
994 1065100
995 1066708
996 1067590
997 1068566
998 1069577
999 1072720
1000 1074173
1001 1075307
1002 1076252
1003 1079174
1004 1080175
1005 1081286
1006 1082685
1007 1083596
1008 1085827
1009 1088092
1010 1089018
1011 1090904
1012 1092269
1013 1093899
1014 1095360
1015 1096920
1016 1097883
1017 1098186
1018 1098900
1019 1099895
1020 1101574
1021 1102292
1022 1102788
1023 1103829
1024 1105749
1025 1107332
1026 1108455
1027 1109284
1028 1110998
1029 1113006
1030 1113463
1031 1115125
1032 1116101
1033 1117048
1034 1117927
1035 1118947
1036 1119329
1037 1119783
1038 1124019
1039 1124432
1040 1127555
1041 1128767
1042 1129109
1043 1129784
1044 1131336
1045 1133233
1046 1134299
1047 1136521
1048 1139113
1049 1140153
1050 1140758
1051 1143412
1052 1144619
1053 1145683
1054 1146678
1055 1147917
1056 1151042
1057 1153532
1058 1154729
1059 1155415
1060 1156417
1061 1157717
1062 1159563
1063 1160082
1064 1160902
1065 1161272
1066 1161852
1067 1162498
1068 1163655
1069 1166369
1070 1167007
1071 1167658
1072 1168599
1073 1169426
1074 1171050
1075 1171331
1076 1171602
1077 1173020
1078 1173494
1079 1175750
1080 1176590
1081 1178351
1082 1178705
1083 1179848
1084 1180285
1085 1180902
1086 1182872
1087 1186655
1088 1188687
1089 1189898
1090 1190401
1091 1191585
1092 1192407
1093 1193168
1094 1193772
1095 1194140
1096 1195079
1097 1198065
1098 1198479
1099 1199572
1100 1200828
1101 1201417
1102 1202953
1103 1205367
1104 1205934
1105 1206501
1106 1208346
1107 1209376
1108 1211330
1109 1212267
1110 1214271
1111 1214567
1112 1215292
1113 1216024
1114 1216641
1115 1217494
1116 1218821
1117 1219934
1118 1221341
1119 1221720
1120 1222970
1121 1225790
1122 1228932
1123 1230205
1124 1231376
1125 1232772
1126 1233924
1127 1235433
1128 1237006
1129 1239358
1130 1240260
1131 1241464
1132 1242391
1133 1243530
1134 1245457
1135 1246902
1136 1248637
1137 1249644
1138 1250539
1139 1251847
1140 1253595
1141 1254148
1142 1256095
1143 1257001
1144 1260027
1145 1260544
1146 1261943
1147 1263524
1148 1264019
1149 1265711
1150 1267624
1151 1270841
1152 1271160
1153 1272046
1154 1272961
1155 1274886
1156 1275266
1157 1275775
1158 1278522
1159 1279051
1160 1281308
1161 1281838
1162 1282076
1163 1283479
1164 1285543
1165 1286870
1166 1288045
1167 1289637
1168 1290444
1169 1292381
1170 1293087
1171 1294865
1172 1296058
1173 1296483
1174 1297219
1175 1299571
1176 1300796
1177 1301057
1178 1302999
1179 1304088
1180 1305626
1181 1306277
1182 1308083
1183 1310314
1184 1311749
1185 1313985
1186 1314967
1187 1316721
1188 1317312
1189 1318332
1190 1319661
1191 1321417
1192 1322175
1193 1322996
1194 1323981
1195 1325167
1196 1327775
1197 1328203
1198 1333032
1199 1334059
1200 1334402
1201 1335196
1202 1336837
1203 1338530
1204 1340633
1205 1341003
1206 1342132
1207 1344089
1208 1346672
1209 1347230
1210 1349316
1211 1350191
1212 1351959
1213 1352893
1214 1353855
1215 1354623
1216 1355265
1217 1356381
1218 1356759
1219 1357333
1220 1359262
1221 1359771
1222 1361869
1223 1363759
1224 1364214
1225 1364486
1226 1365429
1227 1366285
1228 1366699
1229 1367584
1230 1369253
1231 1370686
1232 1371073
1233 1371357
1234 1372214
1235 1374826
1236 1376113
1237 1377945
1238 1379067
1239 1380289
1240 1380661
1241 1381754
1242 1384717
1243 1385985
1244 1387446
1245 1389308
1246 1390208
1247 1393661
1248 1393981
1249 1394998
1250 1395799
1251 1396547
1252 1397992
1253 1401146
1254 1401436
1255 1401976
1256 1402563
1257 1403953
1258 1407339
1259 1407631
1260 1410411
1261 1412246
1262 1414647
1263 1416118
1264 1416978
1265 1419939
1266 1420237
1267 1422720
1268 1424493
1269 1426142
1270 1426700
1271 1427321
1272 1428765
1273 1430258
1274 1432179
1275 1432865
1276 1433337
1277 1433740
1278 1435518
1279 1436050
1280 1438777
1281 1439106
1282 1439506
1283 1441694
1284 1444077
1285 1445145
1286 1445761
1287 1446779
1288 1447805
1289 1449903
1290 1452054
1291 1452602
1292 1453441
1293 1455120
1294 1457008
1295 1459186
1296 1462250
1297 1463498
1298 1464590
1299 1464864
1300 1465837
1301 1466440
1302 1467083
1303 1469392
1304 1471388
1305 1476594
1306 1477468
1307 1478767
1308 1479254
1309 1480297
1310 1482371
1311 1482998
1312 1483970
1313 1485137
1314 1485948
1315 1487136
1316 1487813
1317 1490727
1318 1491034
1319 1491859
1320 1493475
1321 1494761
1322 1495373
1323 1495884
1324 1497956
1325 1498358
1326 1499201
1327 1501235
1328 1504448
1329 1506377
1330 1506638
1331 1507136
1332 1509286
1333 1511375
1334 1513141
1335 1513780
1336 1514918
1337 1516899
1338 1518302
1339 1518761
1340 1520949
1341 1522160
1342 1523861
1343 1525183
1344 1525605
1345 1525972
1346 1526695
1347 1526992
1348 1527701
1349 1529095
1350 1530149
1351 1531951
1352 1532649
1353 1534271
1354 1535029
1355 1535525
1356 1535797
1357 1536381
1358 1536665
1359 1537855
1360 1539634
1361 1541075
1362 1542158
1363 1542833
1364 1543404
1365 1545513
1366 1546285
1367 1547306
1368 1548824
1369 1549501
1370 1551415
1371 1552646
1372 1553305
1373 1555491
1374 1555944
1375 1556766
1376 1557026
1377 1558613
1378 1559341
1379 1561867
1380 1564746
1381 1565875
1382 1566421
1383 1568370
1384 1570249
1385 1572275
1386 1574510
1387 1575067
1388 1575496
1389 1577084
1390 1577654
1391 1579620
1392 1580226
1393 1581470
1394 1582102
1395 1583287
1396 1584364
1397 1586941
1398 1588660
1399 1589026
1400 1590673
1401 1591599
1402 1593657
1403 1594386
1404 1595855
1405 1597384
1406 1598066
1407 1599452
1408 1599923
1409 1602126
1410 1602412
1411 1602931
1412 1604125
1413 1605845
1414 1607251
1415 1608801
1416 1611049
1417 1611344
1418 1612833
1419 1613781
1420 1615221
1421 1616199
1422 1617522
1423 1620870
1424 1621586
1425 1621919
1426 1624450
1427 1626103
1428 1629487
1429 1631470
1430 1631822
1431 1632200
1432 1632778
1433 1634935
1434 1635746
1435 1636893
1436 1637418
1437 1638052
1438 1638481
1439 1640663
1440 1641803
1441 1644076
1442 1648060
1443 1648590
1444 1649663
1445 1650101
1446 1653198
1447 1654050
1448 1654652
1449 1655158
1450 1656102
1451 1657626
1452 1658207
1453 1658505
1454 1658813
1455 1660027
1456 1660871
1457 1661341
1458 1662082
1459 1664404
1460 1664914
1461 1665614
1462 1667137
1463 1668354
1464 1669772
1465 1670224
1466 1670842
1467 1671484
1468 1672968
1469 1673738
1470 1675082
1471 1677295
1472 1679507
1473 1680158
1474 1681164
1475 1683473
1476 1684728
1477 1685252
1478 1686730
1479 1687265
1480 1688027
1481 1688415
1482 1688638
1483 1689829
1484 1692223
1485 1692829
1486 1693957
1487 1694410
1488 1697307
1489 1698567
1490 1699622
1491 1700530
1492 1702654
1493 1703456
1494 1704289
1495 1705002
1496 1707547
1497 1708954
1498 1710371
1499 1710677
1500 1713566
1501 1714266
1502 1715352
1503 1717292
1504 1719391
1505 1719902
1506 1721064
1507 1723245
1508 1724759
1509 1725560
1510 1728335
1511 1729213
1512 1730425
1513 1731173
1514 1731493
1515 1732017
1516 1732456
1517 1733364
1518 1735942
1519 1738796
1520 1740861
1521 1742751
1522 1744326
1523 1744827
1524 1745995
1525 1746910
1526 1748717
1527 1751695
1528 1753324
1529 1753739
1530 1755262
1531 1756806
1532 1757755
1533 1759466
1534 1762407
1535 1766072
1536 1767616
1537 1769048
1538 1769332
1539 1771198
1540 1771644
1541 1772037
1542 1773718
1543 1776470
1544 1777504
1545 1778255
1546 1778667
1547 1780669
1548 1781298
1549 1782780
1550 1785261
1551 1786914
1552 1787366
1553 1787745
1554 1788587
1555 1789047
1556 1789594
1557 1790758
1558 1793284
1559 1795428
1560 1796626
1561 1797652
1562 1798583
1563 1799403
1564 1799914
1565 1803625
1566 1805099
1567 1806842
1568 1808013
1569 1811264
1570 1811882
1571 1813264
1572 1814187
1573 1817159
1574 1818016
1575 1818627
1576 1820571
1577 1821163
1578 1821449
1579 1821932
1580 1822595
1581 1823222
1582 1826449
1583 1827008
1584 1827409
1585 1828133
1586 1830853
1587 1834341
1588 1837440
1589 1838949
1590 1840646
1591 1842482
1592 1843309
1593 1844777
1594 1846575
1595 1848868
1596 1849781
1597 1851583
1598 1851831
1599 1852758
1600 1853433
1601 1856339
1602 1856742
1603 1857973
1604 1859269
1605 1862543
1606 1863457
1607 1864466
1608 1865081
1609 1866639
1610 1867384
1611 1867611
1612 1870168
1613 1870620
1614 1871995
1615 1873594
1616 1875380
1617 1876292
1618 1876813
1619 1877097
1620 1878773
1621 1880093
1622 1881756
1623 1882290
1624 1883556
1625 1885891
1626 1886833
1627 1887176
1628 1888787
1629 1890483
1630 1890874
1631 1893823
1632 1896410
1633 1899502
1634 1900502
1635 1902161
1636 1902623
1637 1902933
1638 1906367
1639 1908984
1640 1910479
1641 1912205
1642 1913436
1643 1915652
1644 1917530
1645 1918942
1646 1920496
1647 1922867
1648 1923828
1649 1924768
1650 1925705
1651 1925980
1652 1926730
1653 1927315
1654 1927755
1655 1928018
1656 1929758
1657 1931816
1658 1933636
1659 1934275
1660 1934762
1661 1938098
1662 1939327
1663 1941027
1664 1941639
1665 1941939
1666 1945978
1667 1949779
1668 1951219
1669 1951610
1670 1953244
1671 1954449
1672 1954984
1673 1957356
1674 1958756
1675 1959981
1676 1960955
1677 1962260
1678 1962921
1679 1964744
1680 1967448
1681 1969272
1682 1969592
1683 1971170
1684 1972527
1685 1973122
1686 1974540
1687 1975537
1688 1976226
1689 1976676
1690 1977104
1691 1977457
1692 1978052
1693 1978396
1694 1980102
1695 1980566
1696 1981004
1697 1982213
1698 1982908
1699 1984552
1700 1985382
1701 1985656
1702 1986955
1703 1987180
1704 1989046
1705 1989678
1706 1991313
1707 1993619
1708 1994082
1709 1996537
1710 1999211
1711 2000702
1712 2001545
1713 2002283
1714 2003976
1715 2004311
1716 2005973
1717 2007699
1718 2009393
1719 2010664
1720 2011398
1721 2011733
1722 2012421
1723 2012991
1724 2013995
1725 2014245
1726 2016103
1727 2016826
1728 2017920
1729 2018492
1730 2020306
1731 2021297
1732 2023354
1733 2025119
1734 2025758
1735 2026537
1736 2027695
1737 2028740
1738 2030096
1739 2030357
1740 2035015
1741 2036769
1742 2037103
1743 2037521
1744 2039202
1745 2039675
1746 2041007
1747 2042979
1748 2043536
1749 2044657
1750 2046958
1751 2047254
1752 2048364
1753 2050590
1754 2051936
1755 2052422
1756 2052825
1757 2053170
1758 2054556
1759 2054853
1760 2055548
1761 2056552
1762 2057287
1763 2058618
1764 2060752
1765 2061527
1766 2062171
1767 2063747
1768 2065428
1769 2067541
1770 2068197
1771 2070583
1772 2071103
1773 2073129
1774 2074843
1775 2076517
1776 2077363
1777 2078329
1778 2080568
1779 2081780
1780 2082143
1781 2082549
1782 2085261
1783 2086320
1784 2088266
1785 2088922
1786 2089304
1787 2089742
1788 2089981
1789 2090882
1790 2091181
1791 2092088
1792 2092410
1793 2093106
1794 2093519
1795 2095151
1796 2095792
1797 2097692
1798 2098038
1799 2099881
1800 2100749
1801 2102218
1802 2102549
1803 2102856
1804 2104939
1805 2107063
1806 2108748
1807 2109601
1808 2111004
1809 2111691
1810 2112652
1811 2115475
1812 2116464
1813 2119806
1814 2122012
1815 2123759
1816 2124614
1817 2125633
1818 2128063
1819 2129653
1820 2130325
1821 2131021
1822 2132169
1823 2133119
1824 2133748
1825 2134898
1826 2136849
1827 2138263
1828 2140987
1829 2142030
1830 2142521
1831 2142964
1832 2143320
1833 2146578
1834 2147884
1835 2148833
1836 2149259
1837 2150224
1838 2151955
1839 2152796
1840 2153715
1841 2155940
1842 2156570
1843 2157140
1844 2157472
1845 2159052
1846 2159721
1847 2160697
1848 2162563
1849 2163300
1850 2163706
1851 2166174
1852 2166698
1853 2167186
1854 2167413
1855 2167653
1856 2167939
1857 2168472
1858 2169738
1859 2170478
1860 2172386
1861 2172827
1862 2175175
1863 2176258
1864 2178547
1865 2179109
1866 2180348
1867 2182188
1868 2182663
1869 2185134
1870 2185525
1871 2186177
1872 2186970
1873 2188721
1874 2191651
1875 2192197
1876 2192850
1877 2193620
1878 2194752
1879 2196448
1880 2197672
1881 2198931
1882 2199466
1883 2200092
1884 2201131
1885 2202567
1886 2204594
1887 2206413
1888 2208137
1889 2208626
1890 2209113
1891 2209431
1892 2209928
1893 2210364
1894 2210987
1895 2212331
1896 2214585
1897 2217538
1898 2218145
1899 2219444
1900 2220898
1901 2221233
1902 2221578
1903 2222798
1904 2225828
1905 2226219
1906 2226825
1907 2228252
1908 2229911
1909 2231033
1910 2232343
1911 2232689
1912 2234804
1913 2235697
1914 2236670
1915 2238506
1916 2238780
1917 2240210
1918 2240964
1919 2243123
1920 2244397
1921 2245074
1922 2245959
1923 2248931
1924 2250925
1925 2253719
1926 2255499
1927 2257070
1928 2257559
1929 2257940
1930 2261410
1931 2261848
1932 2263214
1933 2263497
1934 2267124
1935 2267970
1936 2268992
1937 2269445
1938 2269935
1939 2270592
1940 2272628
1941 2273232
1942 2274506
1943 2275361
1944 2277851
1945 2278422
1946 2279112
1947 2280435
1948 2281044
1949 2283243
1950 2285671
1951 2286065
1952 2287818
1953 2289120
1954 2291445
1955 2292218
1956 2297644
1957 2298133
1958 2298466
1959 2300216
1960 2302724
1961 2303563
1962 2304387
1963 2306055
1964 2307664
1965 2308652
1966 2309828
1967 2310731
1968 2311277
1969 2312667
1970 2315145
1971 2316440
1972 2319129
1973 2319546
1974 2320379
1975 2321223
1976 2321947
1977 2322469
1978 2323830
1979 2325223
1980 2326207
1981 2326894
1982 2330298
1983 2331391
1984 2333032
1985 2333517
1986 2334598
1987 2335385
1988 2337166
1989 2338593
1990 2339437
1991 2342226
1992 2343383
1993 2344823
1994 2346522
1995 2348738
1996 2350496
1997 2352241
1998 2352635
1999 2354066
2000 2354757
2001 2355326
2002 2356656
2003 2357286
2004 2357716
2005 2360169
2006 2360693
2007 2362328
2008 2363625
2009 2364317
2010 2365949
2011 2366348
2012 2369711
2013 2370010
2014 2370273
2015 2371564
2016 2373620
2017 2375919
2018 2376989
2019 2377572
2020 2378796
2021 2379269
2022 2379838
2023 2380193
2024 2380921
2025 2381824
2026 2383217
2027 2385903
2028 2386308
2029 2387443
2030 2388105
2031 2388498
2032 2390263
2033 2391153
2034 2391908
2035 2392274
2036 2392988
2037 2393405
2038 2395051
2039 2398352
2040 2400101
2041 2400682
2042 2402261
2043 2403142
2044 2403715
2045 2406250
2046 2406663
2047 2407505
2048 2409856
2049 2411482
2050 2413039
2051 2413870
2052 2414640
2053 2415211
2054 2415522
2055 2416316
2056 2416829
2057 2417895
2058 2418339
2059 2418791
2060 2421099
2061 2421634
2062 2422882
2063 2423291
2064 2424577
2065 2426957
2066 2427704
2067 2428200
2068 2429324
2069 2432266
2070 2434598
2071 2437106
2072 2438052
2073 2441061
2074 2443988
2075 2444308
2076 2444773
2077 2446619
2078 2448983
2079 2450102
2080 2451125
2081 2452874
2082 2453291
2083 2455097
2084 2455966
2085 2456638
2086 2458309
2087 2459105
2088 2460078
2089 2460483
2090 2460865
2091 2463843
2092 2464794
2093 2465164
2094 2466700
2095 2468244
2096 2470398
2097 2471759
2098 2474367
2099 2474690
2100 2475562
2101 2476027
2102 2477011
2103 2477485
2104 2479206
2105 2479833
2106 2481560
2107 2482038
2108 2485448
2109 2488488
2110 2491377
2111 2493211
2112 2494944
2113 2495655
2114 2496898
2115 2497608
2116 2498810
2117 2499155
2118 2500726
2119 2502172
2120 2504161
2121 2504945
2122 2506919
2123 2508807
2124 2510374
2125 2511159
2126 2512514
2127 2513276
2128 2515561
2129 2516600
2130 2517510
2131 2518740
2132 2521454
2133 2523170
2134 2526091
2135 2527079
2136 2528017
2137 2528481
2138 2529375
2139 2530269
2140 2531696
2141 2535502
2142 2535920
2143 2537102
2144 2537588
2145 2540166
2146 2541142
2147 2542458
2148 2544169
2149 2545021
2150 2547359
2151 2549313
2152 2550022
2153 2550481
2154 2550884
2155 2551526
2156 2553383
2157 2555035
2158 2555311
2159 2555869
2160 2557197
2161 2559059
2162 2559616
2163 2560453
2164 2560868
2165 2562992
2166 2564071
2167 2564877
2168 2565269
2169 2565771
2170 2566187
2171 2566829
2172 2567775
2173 2569833
2174 2570481
2175 2573026
2176 2573775
2177 2574533
2178 2574937
2179 2575259
2180 2576059
2181 2576343
2182 2577726
2183 2579634
2184 2579880
2185 2581076
2186 2581871
2187 2584326
2188 2585391
2189 2587035
2190 2587558
2191 2587989
2192 2588910
2193 2589913
2194 2591517
2195 2593455
2196 2595133
2197 2595832
2198 2596761
2199 2597462
2200 2599216
2201 2599763
2202 2600348
2203 2600989
2204 2601478
2205 2602708
2206 2605974
2207 2606357
2208 2608252
2209 2608961
2210 2610949
2211 2611431
2212 2613075
2213 2613444
2214 2614622
2215 2615192
2216 2615583
2217 2616156
2218 2616979
2219 2618188
2220 2620615
2221 2622034
2222 2624070
2223 2625393
2224 2627963
2225 2628664
2226 2629455
2227 2629953
2228 2631707
2229 2633126
2230 2633875
2231 2635036
2232 2635284
2233 2636327
2234 2636824
2235 2638707
2236 2639801
2237 2640535
2238 2642289
2239 2642848
2240 2643618
2241 2645958
2242 2646590
2243 2647186
2244 2648009
2245 2650571
2246 2651192
2247 2653075
2248 2653541
2249 2656411
2250 2656841
2251 2657508
2252 2657806
2253 2660794
2254 2662219
2255 2663255
2256 2663706
2257 2664394
2258 2666372
2259 2668869
2260 2669225
2261 2671583
2262 2672609
2263 2674426
2264 2675124
2265 2676160
2266 2679354
2267 2681004
2268 2682816
2269 2684265
2270 2686553
2271 2687064
2272 2687978
2273 2691191
2274 2691883
2275 2692300
2276 2692703
2277 2694358
2278 2695968
2279 2697414
2280 2700813
2281 2701881
2282 2702559
2283 2703082
2284 2704928
2285 2706003
2286 2706409
2287 2707472
2288 2708067
2289 2710230
2290 2714119
2291 2714406
2292 2714987
2293 2716290
2294 2719514
2295 2720807
2296 2723054
2297 2724265
2298 2725001
2299 2725288
2300 2726482
2301 2728511
2302 2729121
2303 2732444
2304 2734560
2305 2734891
2306 2736851
2307 2738094
2308 2739261
2309 2741404
2310 2742064
2311 2743098
2312 2743500
2313 2744412
2314 2744958
2315 2745370
2316 2748701
2317 2749825
2318 2751015
2319 2753178
2320 2753621
2321 2754795
2322 2756675
2323 2757018
2324 2758103
2325 2760856
2326 2761129
2327 2762397
2328 2764472
2329 2765479
2330 2766897
2331 2768296
2332 2768555
2333 2769916
2334 2770250
2335 2771899
2336 2773668
2337 2773928
2338 2775208
2339 2776206
2340 2778114
2341 2778604
2342 2779736
2343 2781801
2344 2782418
2345 2783021
2346 2783485
2347 2784715
2348 2786133
2349 2786728
2350 2787679
2351 2789895
2352 2792975
2353 2794294
2354 2795447
2355 2797633
2356 2802213
2357 2804463
2358 2804973
2359 2806246
2360 2806907
2361 2808450
2362 2808733
2363 2810483
2364 2811020
2365 2812117
2366 2813188
2367 2813754
2368 2814518
2369 2815161
2370 2816680
2371 2816978
2372 2819174
2373 2819932
2374 2820383
2375 2821142
2376 2823333
2377 2824208
2378 2826356
2379 2829698
2380 2833050
2381 2833393
2382 2834094
2383 2835059
2384 2835619
2385 2836198
2386 2840184
2387 2842388
2388 2842836
2389 2843637
2390 2844158
2391 2844433
2392 2844803
2393 2845171
2394 2846188
2395 2847774
2396 2849581
2397 2851079
2398 2851388
2399 2853106
2400 2854094
2401 2855488
2402 2857823
2403 2858239
2404 2859213
2405 2860754
2406 2863452
2407 2864597
2408 2865213
2409 2866423
2410 2866982
2411 2868951
2412 2870486
2413 2871834
2414 2872689
2415 2873366
2416 2874628
2417 2875618
2418 2876261
2419 2877494
2420 2878470
2421 2879108
2422 2879731
2423 2882516
2424 2883102
2425 2883426
2426 2885475
2427 2886711
2428 2887342
2429 2887994
2430 2888404
2431 2888851
2432 2890948
2433 2892920
2434 2894198
2435 2895252
2436 2898668
2437 2902631
2438 2903497
2439 2905126
2440 2905413
2441 2906225
2442 2907139
2443 2908040
2444 2908492
2445 2909206
2446 2910357
2447 2914797
2448 2915493
2449 2917006
2450 2917325
2451 2919245
2452 2919746
2453 2920569
2454 2921257
2455 2922926
2456 2924917
2457 2927641
2458 2928908
2459 2929880
2460 2930660
2461 2931205
2462 2932065
2463 2934479
2464 2934976
2465 2936007
2466 2936615
2467 2937396
2468 2938398
2469 2939878
2470 2942036
2471 2943916
2472 2945930
2473 2947802
2474 2948218
2475 2949361
2476 2951646
2477 2952052
2478 2953240
2479 2955290
2480 2955875
2481 2956818
2482 2957782
2483 2959638
2484 2961569
2485 2962784
2486 2964322
2487 2965955
2488 2967410
2489 2969074
2490 2971405
2491 2971888
2492 2973195
2493 2973622
2494 2975110
2495 2976598
2496 2977848
2497 2979583
2498 2980149
2499 2983713
2500 2985260
2501 2985697
2502 2986483
2503 2988717
2504 2989357
2505 2992224
2506 2992485
2507 2993078
2508 2993507
2509 2995485
2510 2998673
2511 2999209
2512 3002516
2513 3004539
2514 3006302
2515 3006788
2516 3008364
2517 3009357
2518 3010247
2519 3011600
2520 3012397
2521 3014562
2522 3014945
2523 3017023
2524 3019696
2525 3022224
2526 3024288
2527 3025001
2528 3026307
2529 3026845
2530 3027193
2531 3027797
2532 3028956
2533 3030982
2534 3031564
2535 3032120
2536 3032721
2537 3033852
2538 3034667
2539 3035286
2540 3038722
2541 3039150
2542 3041903
2543 3042430
2544 3044717
2545 3045177
2546 3048741
2547 3049108
2548 3052082
2549 3053009
2550 3053472
2551 3055095
2552 3055737
2553 3056615
2554 3057237
2555 3057724
2556 3058337
2557 3058838
2558 3060663
2559 3062615
2560 3063990
2561 3064486
2562 3066648
2563 3067027
2564 3067481
2565 3068608
2566 3069319
2567 3070516
2568 3072972
2569 3074713
2570 3077645
2571 3078455
2572 3081794
2573 3082114
2574 3082993
2575 3084498
2576 3086623
2577 3087242
2578 3088243
2579 3090156
2580 3092623
2581 3093409
2582 3093669
2583 3095224
2584 3095660
2585 3096230
2586 3097156
2587 3099004
2588 3099763
2589 3102469
2590 3103747
2591 3105750
2592 3106044
2593 3106721
2594 3107719
2595 3108605
2596 3109033
2597 3109391
2598 3111370
2599 3112332
2600 3113789
2601 3114125
2602 3114519
2603 3116818
2604 3117566
2605 3120265
2606 3120857
2607 3121320
2608 3123236
2609 3124710
2610 3125949
2611 3126412
2612 3128154
2613 3130300
2614 3132487
2615 3133464
2616 3134868
2617 3135139
2618 3137305
2619 3137730
2620 3138276
2621 3139604
2622 3140065
2623 3140671
2624 3141430
2625 3142236
2626 3143823
2627 3144575
2628 3146097
2629 3146726
2630 3147049
2631 3147548
2632 3148380
2633 3149168
2634 3149635
2635 3150907
2636 3151178
2637 3153073
2638 3154355
2639 3155834
2640 3158043
2641 3159131
2642 3160499
2643 3161530
2644 3162084
2645 3162765
2646 3163690
2647 3165361
2648 3167778
2649 3168927
2650 3169510
2651 3170982
2652 3171635
2653 3173844
2654 3175335
2655 3176245
2656 3178217
2657 3181669
2658 3182428
2659 3182870
2660 3184575
2661 3185214
2662 3186047
2663 3188163
2664 3188698
2665 3190388
2666 3191266
2667 3192440
2668 3194070
2669 3194935
2670 3195929
2671 3198900
2672 3199253
2673 3199625
2674 3201307
2675 3201628
2676 3203216
2677 3204141
2678 3205775
2679 3206206
2680 3206986
2681 3207935
2682 3208279
2683 3208538
2684 3208997
2685 3212198
2686 3213729
2687 3214544
2688 3215209
2689 3216534
2690 3217919
2691 3218703
2692 3220652
2693 3222165
2694 3222532
2695 3224913
2696 3225253
2697 3225620
2698 3226283
2699 3228179
2700 3229189
2701 3229591
2702 3230078
2703 3231092
2704 3234074
2705 3234971
2706 3236134
2707 3238113
2708 3238769
2709 3239076
2710 3239985
2711 3241181
2712 3242735
2713 3243303
2714 3243609
2715 3244142
2716 3244554
2717 3245666
2718 3246543
2719 3247693
2720 3250043
2721 3250957
2722 3251279
2723 3252639
2724 3255159
2725 3256268
2726 3257158
2727 3258342
2728 3259036
2729 3259808
2730 3261333
2731 3262129
2732 3264090
2733 3265658
2734 3267629
2735 3268159
2736 3268683
2737 3269543
2738 3271172
2739 3272144
2740 3272474
2741 3272747
2742 3274496
2743 3274971
2744 3276106
2745 3277671
2746 3278596
2747 3279869
2748 3281433
2749 3281874
2750 3282858
2751 3283966
2752 3284846
2753 3285097
2754 3286920
2755 3287648
2756 3288865
2757 3289268
2758 3289804
2759 3290135
2760 3290859
2761 3292262
2762 3292984
2763 3293425
2764 3295926
2765 3296763
2766 3297103
2767 3297506
2768 3297839
2769 3299960
2770 3300455
2771 3301920
2772 3303070
2773 3303794
2774 3305582
2775 3306601
2776 3306945
2777 3309372
2778 3311419
2779 3311790
2780 3313960
2781 3314718
2782 3315119
2783 3316182
2784 3316701
2785 3317876
2786 3318269
2787 3319456
2788 3321321
2789 3321607
2790 3322058
2791 3322757
2792 3323392
2793 3324377
2794 3325659
2795 3327031
2796 3328852
2797 3329817
2798 3330955
2799 3332107
2800 3332734
2801 3336329
2802 3337666
2803 3340699
2804 3341259
2805 3341616
2806 3342173
2807 3342566
2808 3343989
2809 3344402
2810 3344677
2811 3346738
2812 3347024
2813 3348295
2814 3349816
2815 3352408
2816 3352815
2817 3353136
2818 3353941
2819 3354252
2820 3356149
2821 3357839
2822 3358693
2823 3359048
2824 3359569
2825 3360092
2826 3360955
2827 3361438
2828 3362722
2829 3364170
2830 3366039
2831 3366765
2832 3368524
2833 3369247
2834 3371017
2835 3371990
2836 3372938
2837 3373579
2838 3374569
2839 3374940
2840 3376247
2841 3377696
2842 3377945
2843 3380905
2844 3381612
2845 3382884
2846 3383963
2847 3385222
2848 3386640
2849 3387697
2850 3388681
2851 3389837
2852 3392230
2853 3395691
2854 3396631
2855 3397179
2856 3398563
2857 3399810
2858 3401466
2859 3402759
2860 3403130
2861 3403335
2862 3403964
2863 3405609
2864 3406902
2865 3408823
2866 3410643
2867 3411851
2868 3412596
2869 3413992
2870 3415289
2871 3417506
2872 3419339
2873 3420683
2874 3425230
2875 3425980
2876 3426446
2877 3427208
2878 3427788
2879 3428682
2880 3429431
2881 3430284
2882 3431207
2883 3431720
2884 3433306
2885 3434779
2886 3437587
2887 3438741
2888 3439224
2889 3439874
2890 3440158
2891 3440644
2892 3441893
2893 3443065
2894 3444286
2895 3445553
2896 3450105
2897 3451355
2898 3452390
2899 3452750
2900 3453427
2901 3454348
2902 3454976
2903 3456188
2904 3459813
2905 3460182
2906 3460469
2907 3461767
2908 3462264
2909 3463520
2910 3464869
2911 3465493
2912 3466765
2913 3467918
2914 3470158
2915 3472005
2916 3473346
2917 3474343
2918 3475413
2919 3477260
2920 3479123
2921 3480267
2922 3481359
2923 3482111
2924 3482526
2925 3482798
2926 3483262
2927 3485383
2928 3486150
2929 3486432
2930 3487439
2931 3488648
2932 3488939
2933 3489462
2934 3490685
2935 3491317
2936 3492046
2937 3492760
2938 3494656
2939 3495047
2940 3495344
2941 3496404
2942 3497603
2943 3499288
2944 3499821
2945 3501151
2946 3501693
2947 3504832
2948 3505675
2949 3507869
2950 3508223
2951 3509961
2952 3510959
2953 3512185
2954 3512661
2955 3513554
2956 3515205
2957 3515902
2958 3516411
2959 3517429
2960 3517894
2961 3519115
2962 3522100
2963 3523252
2964 3524414
2965 3528219
2966 3531832
2967 3533844
2968 3534188
2969 3536565
2970 3537027
2971 3538076
2972 3539869
2973 3541563
2974 3542696
2975 3544369
2976 3545405
2977 3546261
2978 3548147
2979 3548815
2980 3549821
2981 3550410
2982 3552223
2983 3555225
2984 3557417
2985 3557913
2986 3558861
2987 3559332
2988 3560843
2989 3561800
2990 3562599
2991 3564273
2992 3565024
2993 3565404
2994 3566526
2995 3568541
2996 3570774
2997 3573129
2998 3574072
2999 3575097
3000 3576750
3001 3577240
3002 3578825
3003 3579686
3004 3580314
3005 3581387
3006 3581957
3007 3583671
3008 3584919
3009 3585452
3010 3586376
3011 3587776
3012 3588944
3013 3590686
3014 3591473
3015 3592231
3016 3592643
3017 3593094
3018 3596533
3019 3596987
3020 3597250
3021 3599045
3022 3599339
3023 3600322
3024 3601320
3025 3602171
3026 3602876
3027 3604045
3028 3604580
3029 3605924
3030 3608733
3031 3610287
3032 3611016
3033 3611639
3034 3612237
3035 3613271
3036 3613698
3037 3614099
3038 3615629
3039 3616140
3040 3616805
3041 3617841
3042 3619389
3043 3620432
3044 3621664
3045 3622551
3046 3622894
3047 3624415
3048 3624750
3049 3627179
3050 3628220
3051 3631570
3052 3631964
3053 3634879
3054 3635274
3055 3637071
3056 3638040
3057 3640491
3058 3641273
3059 3642137
3060 3642669
3061 3643358
3062 3644652
3063 3645622
3064 3646546
3065 3647081
3066 3649714
3067 3650986
3068 3651283
3069 3652876
3070 3654327
3071 3655518
3072 3656113
3073 3657365
3074 3658587
3075 3660492
3076 3660933
3077 3662002
3078 3663155
3079 3665863
3080 3667401
3081 3668997
3082 3669420
3083 3670167
3084 3671667
3085 3672163
3086 3674033
3087 3674760
3088 3676247
3089 3678648
3090 3679779
3091 3680706
3092 3681559
3093 3682036
3094 3683255
3095 3684621
3096 3685820
3097 3687840
3098 3688596
3099 3689526
3100 3689813
3101 3691402
3102 3692312
3103 3693275
3104 3693595
3105 3695044
3106 3696622
3107 3696965
3108 3697980
3109 3699598
3110 3700606
3111 3701023
3112 3702840
3113 3704425
3114 3705621
3115 3707652
3116 3708985
3117 3710038
3118 3710347
3119 3711474
3120 3712184
3121 3713590
3122 3714312
3123 3716370
3124 3716714
3125 3717954
3126 3718803
3127 3719365
3128 3720626
3129 3721729
3130 3724219
3131 3725846
3132 3726860
3133 3728459
3134 3731042
3135 3733478
3136 3735590
3137 3736690
3138 3738285
3139 3738581
3140 3739008
3141 3741746
3142 3743616
3143 3746171
3144 3747092
3145 3748969
3146 3749943
3147 3750620
3148 3751546
3149 3752432
3150 3753258
3151 3755683
3152 3757465
3153 3758396
3154 3760180
3155 3761906
3156 3764360
3157 3765767
3158 3766122
3159 3767295
3160 3768868
3161 3770331
3162 3771062
3163 3771430
3164 3772201
3165 3772451
3166 3773107
3167 3773638
3168 3775589
3169 3776040
3170 3777963
3171 3778644
3172 3779776
3173 3781277
3174 3781611
3175 3782293
3176 3782789
3177 3783414
3178 3786093
3179 3787381
3180 3788045
3181 3789628
3182 3790748
3183 3791561
3184 3792931
3185 3793683
3186 3794620
3187 3795963
3188 3796666
3189 3797186
3190 3800503
3191 3802668
3192 3803246
3193 3803612
3194 3804168
3195 3805017
3196 3805460
3197 3807161
3198 3808650
3199 3810018
3200 3810303
3201 3810788
3202 3814230
3203 3814849
3204 3815374
3205 3815999
3206 3817072
3207 3818272
3208 3818723
3209 3819372
3210 3821243
3211 3821992
3212 3823528
3213 3823870
3214 3825516
3215 3826179
3216 3826910
3217 3828307
3218 3830213
3219 3830820
3220 3831200
3221 3835879
3222 3836327
3223 3838114
3224 3839770
3225 3841651
3226 3842638
3227 3844188
3228 3846603
3229 3849375
3230 3849801
3231 3850275
3232 3851151
3233 3851540
3234 3852982
3235 3853359
3236 3854165
3237 3854907
3238 3856080
3239 3857689
3240 3859379
3241 3860256
3242 3861961
3243 3863402
3244 3864363
3245 3865706
3246 3866397
3247 3867283
3248 3867784
3249 3869761
3250 3870196
3251 3872687
3252 3873731
3253 3874292
3254 3875259
3255 3876375
3256 3877004
3257 3878074
3258 3878822
3259 3879625
3260 3880372
3261 3881325
3262 3883659
3263 3884723
3264 3884984
3265 3885219
3266 3886718
3267 3887180
3268 3887774
3269 3889489
3270 3891144
3271 3891406
3272 3892331
3273 3893335
3274 3894567
3275 3894983
3276 3895590
3277 3897057
3278 3897759
3279 3898315
3280 3900574
3281 3901028
3282 3901578
3283 3904206
3284 3905365
3285 3906029
3286 3907336
3287 3908141
3288 3908685
3289 3910231
3290 3911161
3291 3912331
3292 3912712
3293 3913104
3294 3913485
3295 3913780
3296 3915035
3297 3915391
3298 3917332
3299 3918399
3300 3919158
3301 3920034
3302 3921660
3303 3922489
3304 3922804
3305 3923792
3306 3924062
3307 3926284
3308 3926595
3309 3926964
3310 3927319
3311 3928271
3312 3929788
3313 3930417
3314 3931062
3315 3931334
3316 3931901
3317 3934058
3318 3934535
3319 3934829
3320 3935381
3321 3935924
3322 3937610
3323 3938265
3324 3940134
3325 3940582
3326 3941033
3327 3941875
3328 3944093
3329 3944894
3330 3945672
3331 3947859
3332 3949654
3333 3950482
3334 3951169
3335 3953348
3336 3953678
3337 3954974
3338 3956513
3339 3957318
3340 3958281
3341 3958763
3342 3959567
3343 3962415
3344 3963840
3345 3965695
3346 3966153
3347 3967305
3348 3968214
3349 3969252
3350 3969801
3351 3971164
3352 3971776
3353 3972378
3354 3975597
3355 3976232
3356 3976873
3357 3978255
3358 3980459
3359 3980816
3360 3981160
3361 3982525
3362 3983216
3363 3983737
3364 3984431
3365 3986634
3366 3989826
3367 3990927
3368 3992418
3369 3994779
3370 3995562
3371 3996700
3372 3998238
3373 4000553
3374 4002797
3375 4004243
3376 4005189
3377 4005833
3378 4007543
3379 4008631
3380 4010137
3381 4011235
3382 4012389
3383 4012986
3384 4013699
3385 4014571
3386 4014821
3387 4015558
3388 4016754
3389 4019682
3390 4020060
3391 4021152
3392 4022692
3393 4023594
3394 4024709
3395 4026620
3396 4027235
3397 4028345
3398 4029686
3399 4031782
3400 4034835
3401 4036262
3402 4036720
3403 4040001
3404 4040508
3405 4044442
3406 4045498
3407 4046686
3408 4048073
3409 4048944
3410 4049841
3411 4052291
3412 4057617
3413 4058614
3414 4059554
3415 4060612
3416 4061418
3417 4062088
3418 4062830
3419 4064185
3420 4064637
3421 4065516
3422 4066542
3423 4068570
3424 4071030
3425 4071518
3426 4072143
3427 4072651
3428 4072920
3429 4073732
3430 4074391
